77
39
40
216
78
90
401

40
216
78
90
401
39
40
216
78
90
401
39
40
216
78
90
401
39
40
216
78
90
401
39
40
216
78
90
401
39
40
216
78
90
401
39
40
216
78
90
401
39
40
216
78
90
401
39
40
216
78
90
401
39
40
216
78
90
401
39
40
216
78
90
401
39
40
216
78
90
401
39
40
216
78
90
401
39
40
216
78
90
401
39
40
216
78
90
401
39
40
216
78
90
401
39
40
216
78
90
401
39
40
216
78
90
401
39
40
216
78
90
401
39
40
216
78
90
401
39
40
216
78
90
401
39
40
216
78
90
401
39
40
216
78
90
401
39
40
216
78
90
401
39
40
216
78
90
401
39
40
216
78
90
401
39
40
216
78
90
401
39
40
216
78
90
401
39
40
216
78
90
401
39
40
216
78
90
401
39
40
216
78
90
401
39
40
216
78
90
401
39
40
216
78
90
401
39
40
216
78
90
401
39
40
216
78
90
401
39
40
216
78
90
401
39
40
216
78
90
401
39
40
216
78
90
401

