10	0.02
	1	-1	-1
	2	1	2
	10	5	10
	9	-1	-1
	17	-1	-1
	13	-1	-1
	14	7	14
	1	-1	-1
	8	-1	-1
	19	-1	-1
20	0.02
	34	-1	-1
	5	-1	-1
	18	-1	-1
	29	15	29
	11	6	11
	34	-1	-1
	24	-1	-1
	10	5	10
	24	-1	-1
	11	6	11
40	0.02
	6	2	6
	69	-1	-1
	5	-1	-1
	63	-1	-1
	18	8	18
	60	-1	-1
	21	-1	-1
	0	0	0
	61	28	61
	18	8	18
80	0.03
	139	-1	-1
	77	35	77
	68	30	68
	120	57	120
	51	-1	-1
	136	-1	-1
	120	57	120
	4	-1	-1
	123	59	123
	92	44	92
160	0.05
	264	128	264
	304	-1	-1
	40	20	40
	141	-1	-1
	245	119	245
	212	-1	-1
	97	46	97
	300	145	300
	269	-1	-1
	200	-1	-1
320	0.05
	251	-1	-1
	625	312	625
	625	312	625
	75	36	75
	318	-1	-1
	549	-1	-1
	496	248	496
	202	-1	-1
	15	-1	-1
	124	-1	-1
640	0.04
	131	68	131
	57	31	57
	530	-1	-1
	1010	496	1010
	782	-1	-1
	620	-1	-1
	674	327	674
	150	-1	-1
	1263	-1	-1
	1116	-1	-1
1280	0.05
	2150	-1	-1
	2451	1224	2451
	1423	706	1423
	373	-1	-1
	1601	791	1601
	494	-1	-1
	714	359	714
	468	-1	-1
	19	9	19
	1515	748	1515
2560	0.04
	3782	-1	-1
	4583	-1	-1
	3516	-1	-1
	4185	-1	-1
	1494	-1	-1
	3505	1769	3505
	4563	-1	-1
	1542	766	1542
	3352	-1	-1
	4672	2344	4672
5120	0.04
	5669	2829	5669
	9496	4772	9496
	7317	3653	7317
	3164	-1	-1
	6135	3072	6135
	1559	-1	-1
	2082	-1	-1
	1377	-1	-1
	3899	1949	3899
	1357	676	1357
10240	0.04
	8144	4064	8144
	9843	4913	9843
	8616	-1	-1
	10150	5070	10150
	14862	-1	-1
	3289	1671	3289
	9089	-1	-1
	13445	6719	13445
	14974	7487	14974
	17205	-1	-1
20480	0.06
	475	234	475
	21437	-1	-1
	37465	-1	-1
	36336	18205	36336
	17520	8750	17520
	11981	5985	11981
	2693	1358	2693
	37552	18804	37552
	19137	9558	19137
	40135	20119	40135
40960	0.05
	7050	3538	7050
	2157	-1	-1
	58286	29082	58286
	37241	18527	37241
	60019	-1	-1
	10120	5049	10120
	19095	9498	19095
	24047	-1	-1
	29183	14498	29183
	51574	-1	-1
81920	0.06
	33696	16903	33696
	82145	41089	82145
	153729	-1	-1
	29441	14776	29441
	158113	79197	158113
	111808	55909	111808
	21048	-1	-1
	150656	75451	150656
	152435	-1	-1
	67408	-1	-1
163840	0.08
	283013	-1	-1
	216529	108448	216529
	223390	-1	-1
	280044	140156	280044
	254694	127402	254694
	122688	61378	122688
	106091	-1	-1
	286884	143566	286884
	291044	145675	291044
	10574	5252	10574
327680	0.09
	52647	26377	52647
	288456	-1	-1
	493900	246832	493900
	296658	148218	296658
	45616	22846	45616
	463934	231867	463934
	81077	-1	-1
	501952	250866	501952
	304670	-1	-1
	159928	-1	-1
655360	0.09
	813249	-1	-1
	818150	408885	818150
	132918	-1	-1
	395154	-1	-1
	1218772	609116	1218772
	364080	181927	364080
	1295360	647443	1295360
	179853	90021	179853
	177184	-1	-1
	815837	-1	-1
1310720	0.11
	1692556	846395	1692556
	1746774	-1	-1
	2165735	-1	-1
	2425101	1212491	2425101
	1225459	-1	-1
	491680	-1	-1
	2223549	1111751	2223549
	1666554	-1	-1
	37501	-1	-1
	2304157	-1	-1
2621440	0.13
	2286112	1142843	2286112
	2160841	1080262	2160841
	4544782	-1	-1
	4733597	-1	-1
	4415441	-1	-1
	4578502	-1	-1
	3428639	1714424	3428639
	3322873	1661527	3322873
	2432509	1216216	2432509
	4749832	2374995	4749832
5242880	0.16
	6202252	3101530	6202252
	9545062	4773541	9545062
	6214857	-1	-1
	652031	-1	-1
	840208	420061	840208
	2896645	-1	-1
	1689735	844836	1689735
	10109088	-1	-1
	1746589	-1	-1
	2068081	-1	-1
